1900	46
1901	45
1902	28
1903	42
1904	22
1905	39
1906	43
1907	34
1908	54
1909	73
1910	120
1911	141
1912	237
1913	219
1914	240
1915	204
1916	214
1917	173
1918	152
1919	163
1920	181
1921	186
1922	184
1923	197
1924	214
1925	246
1926	305
1927	275
1928	245
1929	248
1930	414
1931	396
1932	385
1933	279
1934	329
1935	315
1936	305
1937	314
1938	317
1939	278
1940	308
1941	330
1942	297
1943	271
1944	259
1945	304
1946	252
1947	268
1948	278
1949	320
1950	616
1951	316
1952	318
1953	334
1954	329
1955	383
1956	370
1957	394
1958	386
1959	380
1960	424
1961	445
1962	437
1963	481
1964	501
1965	491
1966	468
1967	605
1968	617
1969	597
1970	575
1971	577
1972	611
1973	596
1974	602
1975	587
1976	638
1977	614
1978	677
1979	701
1980	633
1981	606
1982	604
1983	598
1984	693
1985	665
1986	689
1987	698
1988	709
1989	822
1990	774
1991	816
1992	732
1993	824
1994	841
1995	887
1996	938
1997	1036
1998	1100
1999	1148
2000	1238
2001	1412
2002	1545
2003	1821
2004	1907
2005	2096
2006	2421
2007	2581
2008	2786
2009	2955
2010	3154
2011	3400
2012	3777
2013	4446
2014	4833
2015	4922
2016	5294
2017	6117
2018	6483
2019	7060
2020	7081
2021	8561
2022	8583
2023	6290
2024	310
2025	32
2026	8
2028	1
2029	5
2031	1
2040	1
2099	1
